{
 "cells": [
  {
   "cell_type": "markdown",
   "metadata": {
    "colab_type": "text",
    "id": "view-in-github"
   },
   "source": [
    "<a href=\"https://colab.research.google.com/github/galopyz/hprc/blob/main/circadian6.ipynb\" target=\"_parent\"><img src=\"https://colab.research.google.com/assets/colab-badge.svg\" alt=\"Open In Colab\"/></a>"
   ]
  },
  {
   "cell_type": "markdown",
   "metadata": {
    "id": "YWKBpTGz74UM"
   },
   "source": [
    "## Ensembling"
   ]
  },
  {
   "cell_type": "markdown",
   "metadata": {},
   "source": [
    "This copy increases the number of learners from 5 to 10."
   ]
  },
  {
   "cell_type": "markdown",
   "metadata": {
    "id": "qT1E-fGjl8dT"
   },
   "source": [
    "Testing Bulk data. We create a new dataframe that has the same columns as the bulk data. Then we test on the bulkdata (test data).\n",
    "\n",
    "- With dropout, the model reached 92% on bulk data.\n",
    "- Hihger accuracy on traning data does not necessarily mean high test accuracy.\n",
    "\n",
    "### TODO\n",
    "- Try ensembling:\n",
    "  - With random seeds, there are too many variability in results.\n",
    "  - Hopefully ensembling may provide better results\n",
    "- Try data augmentation.\n",
    "  - Random swap: swapping random columns.\n",
    "- Try a new loss function.\n",
    "  - Hexagon (7x8) with MSELoss\n",
    "  1. Predict 56 outputs\n",
    "  2. Create a hexagon\n",
    "  3. MSE with the target\n",
    "- Try Random Forest.\n",
    "- Try Gradient boosting."
   ]
  },
  {
   "cell_type": "code",
   "execution_count": 1,
   "metadata": {
    "colab": {
     "base_uri": "https://localhost:8080/"
    },
    "id": "e61hHE9bCCKY",
    "outputId": "4721d6b4-639a-43e5-97b7-a82863534bfe"
   },
   "outputs": [],
   "source": [
    "# from google.colab import drive\n",
    "# drive.mount('/content/drive')\n",
    "# %cd /content/drive/MyDrive/'Colab Notebooks'\n",
    "# !pip -q install torcheval\n",
    "# !pip -q install datasets"
   ]
  },
  {
   "cell_type": "code",
   "execution_count": 2,
   "metadata": {
    "id": "0EKtXY9-AqGj"
   },
   "outputs": [],
   "source": [
    "import pandas as pd\n",
    "import numpy as np\n",
    "from pathlib import Path\n",
    "import torch\n",
    "from torch import tensor\n",
    "from torcheval.metrics import MulticlassAccuracy\n",
    "import torchvision.transforms.functional as TF,torch.nn.functional as F\n",
    "from torch.utils.data import Dataset, DataLoader\n",
    "\n",
    "from miniai.datasets import *\n",
    "from miniai.conv import *\n",
    "from miniai.learner import *\n",
    "from miniai.activations import *\n",
    "from miniai.init import *\n",
    "from miniai.sgd import *\n",
    "from miniai.augment import *\n",
    "from miniai.xtras import *"
   ]
  },
  {
   "cell_type": "code",
   "execution_count": 3,
   "metadata": {},
   "outputs": [],
   "source": [
    "from torch.nn import init\n",
    "from functools import partial\n",
    "from torch.optim import lr_scheduler\n",
    "from torch import tensor,nn,optim"
   ]
  },
  {
   "cell_type": "code",
   "execution_count": 4,
   "metadata": {
    "id": "SCbgU5nUA_3o"
   },
   "outputs": [],
   "source": [
    "# path = Path('./data/circadian/')"
   ]
  },
  {
   "cell_type": "code",
   "execution_count": 5,
   "metadata": {},
   "outputs": [],
   "source": [
    "import os\n",
    "path = Path(os.path.expandvars('$SCRATCH/data/circadian'))"
   ]
  },
  {
   "cell_type": "markdown",
   "metadata": {
    "id": "Ft9NMEYGl6YD"
   },
   "source": [
    "## Data"
   ]
  },
  {
   "cell_type": "markdown",
   "metadata": {
    "id": "ypF8e9eVoSaM"
   },
   "source": [
    "Preparing scRNA-seq data for training."
   ]
  },
  {
   "cell_type": "code",
   "execution_count": 6,
   "metadata": {
    "id": "NOpFP30kB8Xo"
   },
   "outputs": [],
   "source": [
    "meta_data = pd.read_csv(path/'meta_data.csv', low_memory=False)\n",
    "raw_data = pd.read_csv(path/'RNA_count_mat.csv', low_memory=False)\n",
    "data = raw_data.set_index('gene').T\n",
    "# Normalizing the data to have mean of 0 and standard deviation of 1\n",
    "data = (data - data.mean(axis=0)) / data.std(axis=0)\n",
    "df = data.join(meta_data.set_index('cell_name'))\n",
    "df['ZT'] = pd.Categorical(df['ZT'])\n",
    "df['code'] = df['ZT'].cat.codes"
   ]
  },
  {
   "cell_type": "code",
   "execution_count": 7,
   "metadata": {
    "colab": {
     "base_uri": "https://localhost:8080/"
    },
    "id": "8bfqZ8KahsvB",
    "outputId": "e6ce6722-d4b1-4cd8-d011-2e3347ad1077"
   },
   "outputs": [
    {
     "data": {
      "text/plain": [
       "AAACAGCCAACCCTAA-6    ZT18\n",
       "AAACCAACAGTAAAGC-6    ZT18\n",
       "AAACCGAAGGTCCTAG-6    ZT18\n",
       "AAAGCACCATTGTCCT-6    ZT18\n",
       "AAAGGACGTGAGGTGA-6    ZT18\n",
       "                      ... \n",
       "TTGCCCGTCGCACAAT-7    ZT06\n",
       "TTGCGTCTCTTAGTCT-7    ZT06\n",
       "TTGGGTTAGCCACAAT-7    ZT06\n",
       "TTTAGCTTCAGGAAGC-7    ZT06\n",
       "TTTGGTAAGGAAGTAT-7    ZT06\n",
       "Name: ZT, Length: 15992, dtype: category\n",
       "Categories (6, object): ['ZT02', 'ZT06', 'ZT10', 'ZT14', 'ZT18', 'ZT22']"
      ]
     },
     "execution_count": 7,
     "metadata": {},
     "output_type": "execute_result"
    }
   ],
   "source": [
    "df['ZT']"
   ]
  },
  {
   "cell_type": "code",
   "execution_count": 8,
   "metadata": {
    "colab": {
     "base_uri": "https://localhost:8080/"
    },
    "id": "ig4vm1fNhheW",
    "outputId": "4e1028a8-44fd-4df9-a576-387470777b9e"
   },
   "outputs": [
    {
     "data": {
      "text/plain": [
       "AAACAGCCAACCCTAA-6    4\n",
       "AAACCAACAGTAAAGC-6    4\n",
       "AAACCGAAGGTCCTAG-6    4\n",
       "AAAGCACCATTGTCCT-6    4\n",
       "AAAGGACGTGAGGTGA-6    4\n",
       "                     ..\n",
       "TTGCCCGTCGCACAAT-7    1\n",
       "TTGCGTCTCTTAGTCT-7    1\n",
       "TTGGGTTAGCCACAAT-7    1\n",
       "TTTAGCTTCAGGAAGC-7    1\n",
       "TTTGGTAAGGAAGTAT-7    1\n",
       "Length: 15992, dtype: int8"
      ]
     },
     "execution_count": 8,
     "metadata": {},
     "output_type": "execute_result"
    }
   ],
   "source": [
    "df['ZT'].cat.codes"
   ]
  },
  {
   "cell_type": "code",
   "execution_count": 9,
   "metadata": {
    "colab": {
     "base_uri": "https://localhost:8080/",
     "height": 245
    },
    "id": "e7MGPkp6_y_E",
    "outputId": "7a2b5df3-5f23-428b-bb19-4d4069a2bfa3"
   },
   "outputs": [
    {
     "data": {
      "text/html": [
       "<div>\n",
       "<style scoped>\n",
       "    .dataframe tbody tr th:only-of-type {\n",
       "        vertical-align: middle;\n",
       "    }\n",
       "\n",
       "    .dataframe tbody tr th {\n",
       "        vertical-align: top;\n",
       "    }\n",
       "\n",
       "    .dataframe thead th {\n",
       "        text-align: right;\n",
       "    }\n",
       "</style>\n",
       "<table border=\"1\" class=\"dataframe\">\n",
       "  <thead>\n",
       "    <tr style=\"text-align: right;\">\n",
       "      <th></th>\n",
       "      <th>Meg3</th>\n",
       "      <th>Slc1a2</th>\n",
       "      <th>Rian</th>\n",
       "      <th>Cyp2c40</th>\n",
       "      <th>Cyp2c69</th>\n",
       "      <th>Sgcz</th>\n",
       "      <th>Glul</th>\n",
       "      <th>Ugt2b37</th>\n",
       "      <th>Tmeff2</th>\n",
       "      <th>B830012L14Rik</th>\n",
       "      <th>...</th>\n",
       "      <th>Mpp6</th>\n",
       "      <th>Ralgps1</th>\n",
       "      <th>Zfp580</th>\n",
       "      <th>Sept8</th>\n",
       "      <th>Cfap52</th>\n",
       "      <th>Arhgap27</th>\n",
       "      <th>F730043M19Rik</th>\n",
       "      <th>Bora</th>\n",
       "      <th>ZT</th>\n",
       "      <th>code</th>\n",
       "    </tr>\n",
       "  </thead>\n",
       "  <tbody>\n",
       "    <tr>\n",
       "      <th>AAACAGCCAACCCTAA-6</th>\n",
       "      <td>-0.094012</td>\n",
       "      <td>-0.251429</td>\n",
       "      <td>-0.084206</td>\n",
       "      <td>-0.118838</td>\n",
       "      <td>-0.084834</td>\n",
       "      <td>-0.183315</td>\n",
       "      <td>-0.255395</td>\n",
       "      <td>-0.062888</td>\n",
       "      <td>-0.092432</td>\n",
       "      <td>-0.073209</td>\n",
       "      <td>...</td>\n",
       "      <td>1.122616</td>\n",
       "      <td>2.084872</td>\n",
       "      <td>-0.036734</td>\n",
       "      <td>-0.036734</td>\n",
       "      <td>-0.036734</td>\n",
       "      <td>-0.036734</td>\n",
       "      <td>-0.036734</td>\n",
       "      <td>-0.318222</td>\n",
       "      <td>ZT18</td>\n",
       "      <td>4</td>\n",
       "    </tr>\n",
       "    <tr>\n",
       "      <th>AAACCAACAGTAAAGC-6</th>\n",
       "      <td>-0.094012</td>\n",
       "      <td>-0.032904</td>\n",
       "      <td>-0.084206</td>\n",
       "      <td>-0.118838</td>\n",
       "      <td>-0.084834</td>\n",
       "      <td>-0.183315</td>\n",
       "      <td>-0.255395</td>\n",
       "      <td>-0.062888</td>\n",
       "      <td>-0.092432</td>\n",
       "      <td>-0.073209</td>\n",
       "      <td>...</td>\n",
       "      <td>-0.554376</td>\n",
       "      <td>-0.619790</td>\n",
       "      <td>-0.036734</td>\n",
       "      <td>-0.036734</td>\n",
       "      <td>-0.036734</td>\n",
       "      <td>-0.036734</td>\n",
       "      <td>-0.036734</td>\n",
       "      <td>2.058709</td>\n",
       "      <td>ZT18</td>\n",
       "      <td>4</td>\n",
       "    </tr>\n",
       "    <tr>\n",
       "      <th>AAACCGAAGGTCCTAG-6</th>\n",
       "      <td>-0.094012</td>\n",
       "      <td>-0.251429</td>\n",
       "      <td>-0.084206</td>\n",
       "      <td>-0.118838</td>\n",
       "      <td>-0.084834</td>\n",
       "      <td>-0.183315</td>\n",
       "      <td>-0.255395</td>\n",
       "      <td>-0.062888</td>\n",
       "      <td>-0.092432</td>\n",
       "      <td>-0.073209</td>\n",
       "      <td>...</td>\n",
       "      <td>0.451819</td>\n",
       "      <td>0.281764</td>\n",
       "      <td>-0.036734</td>\n",
       "      <td>-0.036734</td>\n",
       "      <td>-0.036734</td>\n",
       "      <td>-0.036734</td>\n",
       "      <td>-0.036734</td>\n",
       "      <td>-0.318222</td>\n",
       "      <td>ZT18</td>\n",
       "      <td>4</td>\n",
       "    </tr>\n",
       "  </tbody>\n",
       "</table>\n",
       "<p>3 rows × 3002 columns</p>\n",
       "</div>"
      ],
      "text/plain": [
       "                        Meg3    Slc1a2      Rian   Cyp2c40   Cyp2c69  \\\n",
       "AAACAGCCAACCCTAA-6 -0.094012 -0.251429 -0.084206 -0.118838 -0.084834   \n",
       "AAACCAACAGTAAAGC-6 -0.094012 -0.032904 -0.084206 -0.118838 -0.084834   \n",
       "AAACCGAAGGTCCTAG-6 -0.094012 -0.251429 -0.084206 -0.118838 -0.084834   \n",
       "\n",
       "                        Sgcz      Glul   Ugt2b37    Tmeff2  B830012L14Rik  \\\n",
       "AAACAGCCAACCCTAA-6 -0.183315 -0.255395 -0.062888 -0.092432      -0.073209   \n",
       "AAACCAACAGTAAAGC-6 -0.183315 -0.255395 -0.062888 -0.092432      -0.073209   \n",
       "AAACCGAAGGTCCTAG-6 -0.183315 -0.255395 -0.062888 -0.092432      -0.073209   \n",
       "\n",
       "                    ...      Mpp6   Ralgps1    Zfp580     Sept8    Cfap52  \\\n",
       "AAACAGCCAACCCTAA-6  ...  1.122616  2.084872 -0.036734 -0.036734 -0.036734   \n",
       "AAACCAACAGTAAAGC-6  ... -0.554376 -0.619790 -0.036734 -0.036734 -0.036734   \n",
       "AAACCGAAGGTCCTAG-6  ...  0.451819  0.281764 -0.036734 -0.036734 -0.036734   \n",
       "\n",
       "                    Arhgap27  F730043M19Rik      Bora    ZT  code  \n",
       "AAACAGCCAACCCTAA-6 -0.036734      -0.036734 -0.318222  ZT18     4  \n",
       "AAACCAACAGTAAAGC-6 -0.036734      -0.036734  2.058709  ZT18     4  \n",
       "AAACCGAAGGTCCTAG-6 -0.036734      -0.036734 -0.318222  ZT18     4  \n",
       "\n",
       "[3 rows x 3002 columns]"
      ]
     },
     "execution_count": 9,
     "metadata": {},
     "output_type": "execute_result"
    }
   ],
   "source": [
    "df[:3]"
   ]
  },
  {
   "cell_type": "code",
   "execution_count": 10,
   "metadata": {
    "id": "tbcW3tYB-f0C"
   },
   "outputs": [],
   "source": [
    "raw_bulk_data = pd.read_csv(path/'RNA.csv', low_memory=False)\n",
    "bulk_data = raw_bulk_data.set_index('ID').T\n",
    "bulk_data = (bulk_data - bulk_data.mean(axis=0)) / bulk_data.std(axis=0)\n",
    "bulk_data['code'] = [0,1,2,3,4,5,0,1,2,3,4,5]"
   ]
  },
  {
   "cell_type": "markdown",
   "metadata": {
    "id": "wYZi0s4hpCnv"
   },
   "source": [
    "The bulk data contains more columns than scRNA-seq data."
   ]
  },
  {
   "cell_type": "code",
   "execution_count": 11,
   "metadata": {
    "colab": {
     "base_uri": "https://localhost:8080/"
    },
    "id": "ns5UennyEpIg",
    "outputId": "aabea28e-02e8-4eb2-80e8-0835b3ae30e2"
   },
   "outputs": [
    {
     "data": {
      "text/plain": [
       "10910"
      ]
     },
     "execution_count": 11,
     "metadata": {},
     "output_type": "execute_result"
    }
   ],
   "source": [
    "cols = set(list(df.columns) + list(bulk_data.columns))\n",
    "len(cols)"
   ]
  },
  {
   "cell_type": "markdown",
   "metadata": {
    "id": "T2hYSXtipnD_"
   },
   "source": [
    "### Bulk + scRNA-seq"
   ]
  },
  {
   "cell_type": "markdown",
   "metadata": {
    "id": "c6Ym7dKGpuRw"
   },
   "source": [
    "Instead of joining tables, we create a new table with the same shape as the bulk data with normally distributed random numbers. Then, we overwrite columns from scRNA-seq into this new table."
   ]
  },
  {
   "cell_type": "code",
   "execution_count": 12,
   "metadata": {
    "colab": {
     "base_uri": "https://localhost:8080/",
     "height": 193
    },
    "id": "uE8-840_HwMo",
    "outputId": "5deb0f8a-2561-4f42-89ec-3b99ab4e35e4"
   },
   "outputs": [
    {
     "data": {
      "text/html": [
       "<div>\n",
       "<style scoped>\n",
       "    .dataframe tbody tr th:only-of-type {\n",
       "        vertical-align: middle;\n",
       "    }\n",
       "\n",
       "    .dataframe tbody tr th {\n",
       "        vertical-align: top;\n",
       "    }\n",
       "\n",
       "    .dataframe thead th {\n",
       "        text-align: right;\n",
       "    }\n",
       "</style>\n",
       "<table border=\"1\" class=\"dataframe\">\n",
       "  <thead>\n",
       "    <tr style=\"text-align: right;\">\n",
       "      <th>ID</th>\n",
       "      <th>2810459M11Rik</th>\n",
       "      <th>Abcb11</th>\n",
       "      <th>Acot7</th>\n",
       "      <th>Ahctf1</th>\n",
       "      <th>Ap2a2</th>\n",
       "      <th>Asb13</th>\n",
       "      <th>Asl</th>\n",
       "      <th>Chka</th>\n",
       "      <th>Clic3</th>\n",
       "      <th>Clpx</th>\n",
       "      <th>...</th>\n",
       "      <th>Ap1s3</th>\n",
       "      <th>Vamp4</th>\n",
       "      <th>Pigm</th>\n",
       "      <th>Pard6g</th>\n",
       "      <th>Gas2</th>\n",
       "      <th>Pot1b</th>\n",
       "      <th>Zfp759</th>\n",
       "      <th>Neo1</th>\n",
       "      <th>Sco1</th>\n",
       "      <th>code</th>\n",
       "    </tr>\n",
       "  </thead>\n",
       "  <tbody>\n",
       "    <tr>\n",
       "      <th>0</th>\n",
       "      <td>-1.310936</td>\n",
       "      <td>1.084080</td>\n",
       "      <td>0.557752</td>\n",
       "      <td>0.068516</td>\n",
       "      <td>1.250520</td>\n",
       "      <td>0.899236</td>\n",
       "      <td>-0.043890</td>\n",
       "      <td>1.686979</td>\n",
       "      <td>0.666409</td>\n",
       "      <td>0.234600</td>\n",
       "      <td>...</td>\n",
       "      <td>-0.166754</td>\n",
       "      <td>1.147664</td>\n",
       "      <td>0.565281</td>\n",
       "      <td>0.546185</td>\n",
       "      <td>2.159961</td>\n",
       "      <td>-0.401256</td>\n",
       "      <td>-1.362596</td>\n",
       "      <td>1.155770</td>\n",
       "      <td>-2.221839</td>\n",
       "      <td>4.0</td>\n",
       "    </tr>\n",
       "    <tr>\n",
       "      <th>1</th>\n",
       "      <td>-0.065980</td>\n",
       "      <td>-0.872108</td>\n",
       "      <td>-0.181456</td>\n",
       "      <td>-2.391875</td>\n",
       "      <td>0.185467</td>\n",
       "      <td>0.522949</td>\n",
       "      <td>-0.387448</td>\n",
       "      <td>-0.189915</td>\n",
       "      <td>-1.419028</td>\n",
       "      <td>-0.363165</td>\n",
       "      <td>...</td>\n",
       "      <td>-0.166754</td>\n",
       "      <td>0.292927</td>\n",
       "      <td>-0.743745</td>\n",
       "      <td>0.278026</td>\n",
       "      <td>-0.784713</td>\n",
       "      <td>-0.401256</td>\n",
       "      <td>-0.399848</td>\n",
       "      <td>0.826073</td>\n",
       "      <td>0.819074</td>\n",
       "      <td>4.0</td>\n",
       "    </tr>\n",
       "    <tr>\n",
       "      <th>2</th>\n",
       "      <td>-1.596259</td>\n",
       "      <td>0.738870</td>\n",
       "      <td>0.212841</td>\n",
       "      <td>0.087609</td>\n",
       "      <td>0.248521</td>\n",
       "      <td>-0.414160</td>\n",
       "      <td>1.673901</td>\n",
       "      <td>0.122900</td>\n",
       "      <td>-0.126748</td>\n",
       "      <td>1.131247</td>\n",
       "      <td>...</td>\n",
       "      <td>10.777388</td>\n",
       "      <td>-0.751939</td>\n",
       "      <td>0.337363</td>\n",
       "      <td>-0.252565</td>\n",
       "      <td>0.821473</td>\n",
       "      <td>-0.401256</td>\n",
       "      <td>0.463269</td>\n",
       "      <td>-0.413481</td>\n",
       "      <td>-0.764481</td>\n",
       "      <td>4.0</td>\n",
       "    </tr>\n",
       "  </tbody>\n",
       "</table>\n",
       "<p>3 rows × 9482 columns</p>\n",
       "</div>"
      ],
      "text/plain": [
       "ID  2810459M11Rik    Abcb11     Acot7    Ahctf1     Ap2a2     Asb13       Asl  \\\n",
       "0       -1.310936  1.084080  0.557752  0.068516  1.250520  0.899236 -0.043890   \n",
       "1       -0.065980 -0.872108 -0.181456 -2.391875  0.185467  0.522949 -0.387448   \n",
       "2       -1.596259  0.738870  0.212841  0.087609  0.248521 -0.414160  1.673901   \n",
       "\n",
       "ID      Chka     Clic3      Clpx  ...      Ap1s3     Vamp4      Pigm  \\\n",
       "0   1.686979  0.666409  0.234600  ...  -0.166754  1.147664  0.565281   \n",
       "1  -0.189915 -1.419028 -0.363165  ...  -0.166754  0.292927 -0.743745   \n",
       "2   0.122900 -0.126748  1.131247  ...  10.777388 -0.751939  0.337363   \n",
       "\n",
       "ID    Pard6g      Gas2     Pot1b    Zfp759      Neo1      Sco1  code  \n",
       "0   0.546185  2.159961 -0.401256 -1.362596  1.155770 -2.221839   4.0  \n",
       "1   0.278026 -0.784713 -0.401256 -0.399848  0.826073  0.819074   4.0  \n",
       "2  -0.252565  0.821473 -0.401256  0.463269 -0.413481 -0.764481   4.0  \n",
       "\n",
       "[3 rows x 9482 columns]"
      ]
     },
     "execution_count": 12,
     "metadata": {},
     "output_type": "execute_result"
    }
   ],
   "source": [
    "# New dataframe (table) with normally distributed random numbers\n",
    "df2 = pd.DataFrame(np.random.normal(size=(15992, 9482)), columns=bulk_data.columns)\n",
    "df.reset_index(inplace=True)\n",
    "df2.update(df)\n",
    "df2[:3]"
   ]
  },
  {
   "cell_type": "markdown",
   "metadata": {
    "id": "95SE_jm6m01h"
   },
   "source": [
    "## Using Pytorch"
   ]
  },
  {
   "cell_type": "code",
   "execution_count": 13,
   "metadata": {
    "id": "N5t4EYXDK05y"
   },
   "outputs": [],
   "source": [
    "t_dep = tensor(df2['code'], dtype=torch.long)\n",
    "indep_cols = list(df2.columns)[:-1]\n",
    "t_indep = tensor(df2[indep_cols].values, dtype=torch.float32)"
   ]
  },
  {
   "cell_type": "code",
   "execution_count": 14,
   "metadata": {
    "colab": {
     "base_uri": "https://localhost:8080/"
    },
    "id": "vFukNzAzaKCi",
    "outputId": "b0b81533-df1c-4ae3-8f11-67e1618db25c"
   },
   "outputs": [
    {
     "name": "stderr",
     "output_type": "stream",
     "text": [
      "/tmp/job.9562522/ipykernel_131903/1370009161.py:1: FutureWarning: Series.__getitem__ treating keys as positions is deprecated. In a future version, integer keys will always be treated as labels (consistent with DataFrame behavior). To access a value by position, use `ser.iloc[pos]`\n",
      "  tst_dep = tensor(bulk_data['code'], dtype=torch.long)\n"
     ]
    },
    {
     "data": {
      "text/plain": [
       "tensor([[ 1.1054,  1.7349, -1.0005,  ...,  0.1433, -0.5614, -0.5629],\n",
       "        [ 0.1407,  0.3628,  0.2168,  ..., -1.1979,  1.1994,  0.0943],\n",
       "        [-0.8167, -1.0595,  0.3766,  ...,  1.8283, -1.9395, -1.7678],\n",
       "        ...,\n",
       "        [-0.6048, -1.0751,  0.9168,  ...,  0.1089, -0.2552, -0.3438],\n",
       "        [ 0.4233,  0.0204,  0.0723,  ..., -1.3010, -0.1021, -1.0376],\n",
       "        [ 1.0372,  0.7136, -0.5212,  ...,  1.8627,  0.4338, -0.7820]])"
      ]
     },
     "execution_count": 14,
     "metadata": {},
     "output_type": "execute_result"
    }
   ],
   "source": [
    "tst_dep = tensor(bulk_data['code'], dtype=torch.long)\n",
    "tst_indep_cols = list(bulk_data.columns)[:-1]\n",
    "tst_indep = tensor(bulk_data[indep_cols].values, dtype=torch.float32)\n",
    "tst_indep"
   ]
  },
  {
   "cell_type": "code",
   "execution_count": 15,
   "metadata": {
    "id": "bsmF6bLfKPAn"
   },
   "outputs": [],
   "source": [
    "# from fastai.data.transforms import RandomSplitter\n",
    "def RandomSplitter(valid_pct=0.2, seed=None):\n",
    "    \"Create function that splits `items` between train/val with `valid_pct` randomly.\"\n",
    "    def _inner(o):\n",
    "        if seed is not None: torch.manual_seed(seed)\n",
    "        rand_idx = list(torch.randperm(len(o)).numpy())\n",
    "        cut = int(valid_pct * len(o))\n",
    "        return rand_idx[cut:],rand_idx[:cut]\n",
    "    return _inner\n",
    "trn_split,val_split=RandomSplitter(seed=42)(df2)"
   ]
  },
  {
   "cell_type": "code",
   "execution_count": 16,
   "metadata": {
    "colab": {
     "base_uri": "https://localhost:8080/"
    },
    "id": "sIObZzNvYVZC",
    "outputId": "0ea1a9ce-a5aa-44ea-e1a9-a615a91785a1"
   },
   "outputs": [
    {
     "data": {
      "text/plain": [
       "(12794, 3198)"
      ]
     },
     "execution_count": 16,
     "metadata": {},
     "output_type": "execute_result"
    }
   ],
   "source": [
    "trn_indep,val_indep = t_indep[trn_split],t_indep[val_split]\n",
    "trn_dep,val_dep = t_dep[trn_split],t_dep[val_split]\n",
    "len(trn_indep),len(val_indep)"
   ]
  },
  {
   "cell_type": "markdown",
   "metadata": {
    "id": "VYYI0yuJm7vE"
   },
   "source": [
    "### DataLoaders"
   ]
  },
  {
   "cell_type": "markdown",
   "metadata": {
    "id": "LsTRYzzIs3QC"
   },
   "source": [
    "Pretty much the same as the previous approach with bulk data as the test data."
   ]
  },
  {
   "cell_type": "code",
   "execution_count": 17,
   "metadata": {
    "colab": {
     "base_uri": "https://localhost:8080/"
    },
    "id": "3gUxwJiFarno",
    "outputId": "8b0ff0bd-f609-49ec-e22b-06601cc40507"
   },
   "outputs": [
    {
     "data": {
      "text/plain": [
       "(torch.Size([256, 9481]), tensor([0, 4, 5, 0, 0, 5, 2, 2, 2, 3]))"
      ]
     },
     "execution_count": 17,
     "metadata": {},
     "output_type": "execute_result"
    }
   ],
   "source": [
    "# set_seed(42)\n",
    "trn_dl = DataLoader(list(zip(trn_indep, trn_dep)), batch_size=256, shuffle=True, num_workers=2)\n",
    "val_dl = DataLoader(list(zip(val_indep, val_dep)), batch_size=512, shuffle=False, num_workers=2)\n",
    "dls = DataLoaders(trn_dl, val_dl)\n",
    "dt = dls.train\n",
    "xb,yb = next(iter(dt))\n",
    "xb.shape,yb[:10]"
   ]
  },
  {
   "cell_type": "code",
   "execution_count": 18,
   "metadata": {
    "id": "M3G0Up31b3mN"
   },
   "outputs": [],
   "source": [
    "tst_dl = DataLoader(list(zip(tst_indep, tst_dep)), shuffle=False, num_workers=2)"
   ]
  },
  {
   "cell_type": "code",
   "execution_count": 19,
   "metadata": {
    "id": "FxAJhiYGcNyK"
   },
   "outputs": [],
   "source": [
    "metrics = MetricsCB(accuracy=MulticlassAccuracy(device='cpu'))\n",
    "astats = ActivationStats(nn.ReLU)\n",
    "cbs = [DeviceCB(), metrics, ProgressCB(plot=True), astats]"
   ]
  },
  {
   "cell_type": "code",
   "execution_count": 20,
   "metadata": {
    "id": "yl0NdGULt7Ln"
   },
   "outputs": [],
   "source": [
    "# set_seed(42)\n",
    "model = nn.Sequential(*[nn.Linear(9481, 100), nn.ReLU(), nn.Linear(100, 100), nn.ReLU(), nn.Linear(100, 6)])\n",
    "learn = TrainLearner(model, dls, lr=.01, loss_func=F.cross_entropy, cbs=cbs)"
   ]
  },
  {
   "cell_type": "code",
   "execution_count": 21,
   "metadata": {
    "colab": {
     "base_uri": "https://localhost:8080/",
     "height": 264
    },
    "id": "Q5oqQJrNzkCG",
    "outputId": "bc18b015-875b-453d-cfa2-2f45ed265be2"
   },
   "outputs": [
    {
     "data": {
      "text/html": [
       "\n",
       "<style>\n",
       "    /* Turns off some styling */\n",
       "    progress {\n",
       "        /* gets rid of default border in Firefox and Opera. */\n",
       "        border: none;\n",
       "        /* Needs to be in here for Safari polyfill so background images work as expected. */\n",
       "        background-size: auto;\n",
       "    }\n",
       "    progress:not([value]), progress:not([value])::-webkit-progress-bar {\n",
       "        background: repeating-linear-gradient(45deg, #7e7e7e, #7e7e7e 10px, #5c5c5c 10px, #5c5c5c 20px);\n",
       "    }\n",
       "    .progress-bar-interrupted, .progress-bar-interrupted::-webkit-progress-bar {\n",
       "        background: #F44336;\n",
       "    }\n",
       "</style>\n"
      ],
      "text/plain": [
       "<IPython.core.display.HTML object>"
      ]
     },
     "metadata": {},
     "output_type": "display_data"
    },
    {
     "data": {
      "text/html": [
       "\n",
       "    <div>\n",
       "      <progress value='0' class='' max='1' style='width:300px; height:20px; vertical-align: middle;'></progress>\n",
       "      0.00% [0/1 00:00&lt;?]\n",
       "    </div>\n",
       "    \n",
       "\n",
       "\n",
       "    <div>\n",
       "      <progress value='0' class='' max='50' style='width:300px; height:20px; vertical-align: middle;'></progress>\n",
       "      0.00% [0/50 00:00&lt;?]\n",
       "    </div>\n",
       "    "
      ],
      "text/plain": [
       "<IPython.core.display.HTML object>"
      ]
     },
     "metadata": {},
     "output_type": "display_data"
    },
    {
     "name": "stdout",
     "output_type": "stream",
     "text": [
      "Tot params: 958906; MFLOPS: 1.0\n"
     ]
    },
    {
     "data": {
      "text/markdown": [
       "|Module|Input|Output|Num params|MFLOPS|\n",
       "|--|--|--|--|--|\n",
       "|Linear|(256, 9481)|(256, 100)|948200|0.9|\n",
       "|ReLU|(256, 100)|(256, 100)|0|0.0|\n",
       "|Linear|(256, 100)|(256, 100)|10100|0.0|\n",
       "|ReLU|(256, 100)|(256, 100)|0|0.0|\n",
       "|Linear|(256, 100)|(256, 6)|606|0.0|\n"
      ],
      "text/plain": [
       "<IPython.core.display.Markdown object>"
      ]
     },
     "execution_count": 21,
     "metadata": {},
     "output_type": "execute_result"
    }
   ],
   "source": [
    "learn.summary()"
   ]
  },
  {
   "cell_type": "markdown",
   "metadata": {
    "id": "W38NYs28y3D_"
   },
   "source": [
    "## Data Augmentation"
   ]
  },
  {
   "cell_type": "markdown",
   "metadata": {
    "id": "l3Xv-EHvy52W"
   },
   "source": [
    "We randomly select two columns and swap them."
   ]
  },
  {
   "cell_type": "code",
   "execution_count": 22,
   "metadata": {
    "colab": {
     "base_uri": "https://localhost:8080/"
    },
    "id": "PVNmIOJW2lTU",
    "outputId": "c1871ae4-a6d6-4623-f3ce-fb24a2e4a8a4"
   },
   "outputs": [
    {
     "data": {
      "text/plain": [
       "tensor([[ 1.1948e+00, -5.8443e-01, -1.1477e+00,  9.0944e-01,  3.9623e-02,\n",
       "         -9.9230e-02, -7.3101e-01, -1.8992e-01,  1.7968e-01,  2.3460e-01],\n",
       "        [-1.1627e+00, -6.9950e-01,  6.4544e-01,  1.7806e-03, -6.9764e-01,\n",
       "         -6.4811e-01, -3.8745e-01, -6.5914e-01,  5.5192e-01, -8.1149e-01],\n",
       "        [ 6.1427e-01,  1.3142e+00, -5.9002e-01, -1.5508e+00,  4.4812e-01,\n",
       "         -1.5394e+00, -4.3890e-02,  4.3572e-01, -9.5376e-01,  2.3268e+00],\n",
       "        [-1.4344e+00, -7.5704e-01, -2.5802e+00, -9.6525e-01, -1.5199e+00,\n",
       "          2.1803e-01, -4.3890e-02, -8.1555e-01, -1.1353e+00, -8.1149e-01],\n",
       "        [ 6.3958e-01,  1.0265e+00,  6.5484e-01, -1.1758e+00, -1.3561e+00,\n",
       "          1.0777e+00, -3.8745e-01,  9.0494e-01, -8.9642e-01,  2.0279e+00]])"
      ]
     },
     "execution_count": 22,
     "metadata": {},
     "output_type": "execute_result"
    }
   ],
   "source": [
    "xb,_ = next(iter(dls.train))\n",
    "xbt = xb[:5,:10]\n",
    "xbt"
   ]
  },
  {
   "cell_type": "code",
   "execution_count": 23,
   "metadata": {
    "colab": {
     "base_uri": "https://localhost:8080/"
    },
    "id": "GyCpHkqQ38Tk",
    "outputId": "3973bb81-a553-41af-aaae-0b0d9b4c696c"
   },
   "outputs": [
    {
     "data": {
      "text/plain": [
       "tensor([[-5.8443e-01,  1.1948e+00, -1.1477e+00,  9.0944e-01,  3.9623e-02,\n",
       "         -9.9230e-02, -7.3101e-01, -1.8992e-01,  1.7968e-01,  2.3460e-01],\n",
       "        [-6.9950e-01, -1.1627e+00,  6.4544e-01,  1.7806e-03, -6.9764e-01,\n",
       "         -6.4811e-01, -3.8745e-01, -6.5914e-01,  5.5192e-01, -8.1149e-01],\n",
       "        [ 1.3142e+00,  6.1427e-01, -5.9002e-01, -1.5508e+00,  4.4812e-01,\n",
       "         -1.5394e+00, -4.3890e-02,  4.3572e-01, -9.5376e-01,  2.3268e+00],\n",
       "        [-7.5704e-01, -1.4344e+00, -2.5802e+00, -9.6525e-01, -1.5199e+00,\n",
       "          2.1803e-01, -4.3890e-02, -8.1555e-01, -1.1353e+00, -8.1149e-01],\n",
       "        [ 1.0265e+00,  6.3958e-01,  6.5484e-01, -1.1758e+00, -1.3561e+00,\n",
       "          1.0777e+00, -3.8745e-01,  9.0494e-01, -8.9642e-01,  2.0279e+00]])"
      ]
     },
     "execution_count": 23,
     "metadata": {},
     "output_type": "execute_result"
    }
   ],
   "source": [
    "tmp = xbt[:,1].detach().clone()\n",
    "xbt[:,1] = xbt[:,0]\n",
    "xbt[:,0] = tmp\n",
    "xbt"
   ]
  },
  {
   "cell_type": "code",
   "execution_count": 24,
   "metadata": {
    "colab": {
     "base_uri": "https://localhost:8080/"
    },
    "id": "mc7w2xCQ5Rqy",
    "outputId": "84e86a6c-05e3-4777-fb6f-6d57d8643118"
   },
   "outputs": [],
   "source": [
    "import random"
   ]
  },
  {
   "cell_type": "code",
   "execution_count": 25,
   "metadata": {
    "id": "e5eU1b0B4904"
   },
   "outputs": [],
   "source": [
    "def _random_swap(x):\n",
    "    \"\"\"Swap two columns randomly.\"\"\"\n",
    "    n_cols = x.shape[1]\n",
    "    a = random.randint(0, n_cols-1)\n",
    "    b = random.randint(0, n_cols-1)\n",
    "    tmp = x[:,a].detach().clone()\n",
    "    x[:,a] = x[:,b]\n",
    "    x[:,b] = tmp\n",
    "    return x"
   ]
  },
  {
   "cell_type": "code",
   "execution_count": 26,
   "metadata": {
    "colab": {
     "base_uri": "https://localhost:8080/"
    },
    "id": "139jBuOT6ZkA",
    "outputId": "84e27675-a78f-44fc-dd5e-b7ec826608ae"
   },
   "outputs": [
    {
     "data": {
      "text/plain": [
       "tensor([[-5.8443e-01,  1.1948e+00, -1.1477e+00,  1.7968e-01,  3.9623e-02,\n",
       "         -9.9230e-02, -7.3101e-01, -1.8992e-01,  9.0944e-01,  2.3460e-01],\n",
       "        [-6.9950e-01, -1.1627e+00,  6.4544e-01,  5.5192e-01, -6.9764e-01,\n",
       "         -6.4811e-01, -3.8745e-01, -6.5914e-01,  1.7806e-03, -8.1149e-01],\n",
       "        [ 1.3142e+00,  6.1427e-01, -5.9002e-01, -9.5376e-01,  4.4812e-01,\n",
       "         -1.5394e+00, -4.3890e-02,  4.3572e-01, -1.5508e+00,  2.3268e+00],\n",
       "        [-7.5704e-01, -1.4344e+00, -2.5802e+00, -1.1353e+00, -1.5199e+00,\n",
       "          2.1803e-01, -4.3890e-02, -8.1555e-01, -9.6525e-01, -8.1149e-01],\n",
       "        [ 1.0265e+00,  6.3958e-01,  6.5484e-01, -8.9642e-01, -1.3561e+00,\n",
       "          1.0777e+00, -3.8745e-01,  9.0494e-01, -1.1758e+00,  2.0279e+00]])"
      ]
     },
     "execution_count": 26,
     "metadata": {},
     "output_type": "execute_result"
    }
   ],
   "source": [
    "_random_swap(xbt)"
   ]
  },
  {
   "cell_type": "code",
   "execution_count": 27,
   "metadata": {
    "id": "acUKi7kE8CO6"
   },
   "outputs": [],
   "source": [
    "def random_swap(x, max_swaps=10):\n",
    "    \"\"\"Swap two columns randomly by picking a random number.\"\"\"\n",
    "    swaps = random.randint(0, 10)\n",
    "    _random_swap(x)\n",
    "    return x"
   ]
  },
  {
   "cell_type": "code",
   "execution_count": 28,
   "metadata": {
    "colab": {
     "base_uri": "https://localhost:8080/"
    },
    "id": "ZyMbBvvh8aW-",
    "outputId": "2e89c6f3-56d0-41d9-e687-b6e0105c949b"
   },
   "outputs": [
    {
     "data": {
      "text/plain": [
       "tensor([[-5.8443e-01,  1.1948e+00, -1.1477e+00,  1.7968e-01, -1.8992e-01,\n",
       "         -9.9230e-02, -7.3101e-01,  3.9623e-02,  9.0944e-01,  2.3460e-01],\n",
       "        [-6.9950e-01, -1.1627e+00,  6.4544e-01,  5.5192e-01, -6.5914e-01,\n",
       "         -6.4811e-01, -3.8745e-01, -6.9764e-01,  1.7806e-03, -8.1149e-01],\n",
       "        [ 1.3142e+00,  6.1427e-01, -5.9002e-01, -9.5376e-01,  4.3572e-01,\n",
       "         -1.5394e+00, -4.3890e-02,  4.4812e-01, -1.5508e+00,  2.3268e+00],\n",
       "        [-7.5704e-01, -1.4344e+00, -2.5802e+00, -1.1353e+00, -8.1555e-01,\n",
       "          2.1803e-01, -4.3890e-02, -1.5199e+00, -9.6525e-01, -8.1149e-01],\n",
       "        [ 1.0265e+00,  6.3958e-01,  6.5484e-01, -8.9642e-01,  9.0494e-01,\n",
       "          1.0777e+00, -3.8745e-01, -1.3561e+00, -1.1758e+00,  2.0279e+00]])"
      ]
     },
     "execution_count": 28,
     "metadata": {},
     "output_type": "execute_result"
    }
   ],
   "source": [
    "random_swap(xbt)"
   ]
  },
  {
   "cell_type": "code",
   "execution_count": 29,
   "metadata": {
    "id": "O_Zz4b8n9CYl"
   },
   "outputs": [],
   "source": [
    "class RandomSwap(nn.Module):\n",
    "    def __init__(self, max_swaps=10):\n",
    "        super().__init__()\n",
    "        self.max_swaps = max_swaps\n",
    "\n",
    "    def forward(self, x):\n",
    "        return random_swap(x, self.max_swaps)"
   ]
  },
  {
   "cell_type": "code",
   "execution_count": 30,
   "metadata": {
    "id": "7UUN5Rzg91dT"
   },
   "outputs": [],
   "source": [
    "def tfm_batch(b, tfm_x=fc.noop, tfm_y = fc.noop): return tfm_x(b[0]),tfm_y(b[1])"
   ]
  },
  {
   "cell_type": "code",
   "execution_count": 31,
   "metadata": {
    "id": "UOVm1kqh-AqM"
   },
   "outputs": [],
   "source": [
    "from functools import partial"
   ]
  },
  {
   "cell_type": "code",
   "execution_count": 32,
   "metadata": {
    "id": "5FP27SCi9gv7"
   },
   "outputs": [],
   "source": [
    "tfms = nn.Sequential(RandomSwap(3000))\n",
    "augcb = BatchTransformCB(partial(tfm_batch, tfm_x=tfms), on_val=False)"
   ]
  },
  {
   "cell_type": "code",
   "execution_count": 33,
   "metadata": {
    "id": "8A3moaxlcXYL"
   },
   "outputs": [],
   "source": [
    "# set_seed(42)\n",
    "model = nn.Sequential(*[nn.Linear(9481, 100), nn.ReLU(), nn.Linear(100, 100), nn.ReLU(), nn.Linear(100, 6)])"
   ]
  },
  {
   "cell_type": "code",
   "execution_count": 34,
   "metadata": {},
   "outputs": [],
   "source": [
    "def get_model():\n",
    "    return nn.Sequential(*[nn.Linear(9481, 100), nn.ReLU(), nn.Linear(100, 100), nn.ReLU(), nn.Linear(100, 6)])"
   ]
  },
  {
   "cell_type": "code",
   "execution_count": 35,
   "metadata": {
    "id": "5pm_WAXB-fUp"
   },
   "outputs": [],
   "source": [
    "cbs = cbs"
   ]
  },
  {
   "cell_type": "code",
   "execution_count": 36,
   "metadata": {
    "colab": {
     "base_uri": "https://localhost:8080/"
    },
    "id": "v5s7sLhqda-6",
    "outputId": "3a93a643-d63c-4f0f-9eb1-95622d9ed6f8"
   },
   "outputs": [
    {
     "data": {
      "text/plain": [
       "tensor([[ 3.7776e-01, -9.2964e-01, -1.0492e-01, -9.9476e-01,  1.8462e-04,\n",
       "          6.4185e-02, -7.3101e-01, -8.1555e-01, -6.3224e-01, -8.1149e-01],\n",
       "        [ 3.2716e-01, -3.5429e-01,  1.4170e+00,  2.4203e-02, -5.0383e-01,\n",
       "         -2.0615e+00,  2.0175e+00,  2.7931e-01, -7.4685e-01, -3.6316e-01],\n",
       "        [ 5.9420e-01, -7.5704e-01, -6.6461e-01,  1.3894e-01,  1.2160e+00,\n",
       "         -1.1690e+00,  3.0481e+00, -6.5914e-01,  2.1966e+00, -6.6205e-01],\n",
       "        [-8.6550e-01,  1.0265e+00,  1.1075e+00,  1.1331e+00,  3.6042e-02,\n",
       "         -3.4567e-01, -4.3890e-02,  1.9998e+00, -8.4761e-01,  1.4301e+00],\n",
       "        [ 9.9284e-01, -3.5429e-01, -6.7970e-01, -6.6015e-01,  1.4211e+00,\n",
       "         -2.2630e+00, -4.3890e-02, -5.0273e-01, -1.1815e+00, -5.1261e-01]])"
      ]
     },
     "execution_count": 36,
     "metadata": {},
     "output_type": "execute_result"
    }
   ],
   "source": [
    "learn = TrainLearner(model, dls, F.cross_entropy, lr=1, cbs=[SingleBatchCB(), augcb])\n",
    "learn.fit(1)\n",
    "xb,yb = learn.batch\n",
    "xb[:5,:10]"
   ]
  },
  {
   "cell_type": "code",
   "execution_count": 37,
   "metadata": {
    "colab": {
     "base_uri": "https://localhost:8080/",
     "height": 474
    },
    "id": "PJ2ugycFEvwG",
    "outputId": "36371a54-5f6b-4984-d19e-fe4c2eff17ad"
   },
   "outputs": [
    {
     "data": {
      "text/html": [
       "\n",
       "<style>\n",
       "    /* Turns off some styling */\n",
       "    progress {\n",
       "        /* gets rid of default border in Firefox and Opera. */\n",
       "        border: none;\n",
       "        /* Needs to be in here for Safari polyfill so background images work as expected. */\n",
       "        background-size: auto;\n",
       "    }\n",
       "    progress:not([value]), progress:not([value])::-webkit-progress-bar {\n",
       "        background: repeating-linear-gradient(45deg, #7e7e7e, #7e7e7e 10px, #5c5c5c 10px, #5c5c5c 20px);\n",
       "    }\n",
       "    .progress-bar-interrupted, .progress-bar-interrupted::-webkit-progress-bar {\n",
       "        background: #F44336;\n",
       "    }\n",
       "</style>\n"
      ],
      "text/plain": [
       "<IPython.core.display.HTML object>"
      ]
     },
     "metadata": {},
     "output_type": "display_data"
    },
    {
     "data": {
      "text/html": [
       "\n",
       "    <div>\n",
       "      <progress value='0' class='' max='10' style='width:300px; height:20px; vertical-align: middle;'></progress>\n",
       "      0.00% [0/10 00:00&lt;?]\n",
       "    </div>\n",
       "    \n",
       "\n",
       "\n",
       "    <div>\n",
       "      <progress value='42' class='' max='50' style='width:300px; height:20px; vertical-align: middle;'></progress>\n",
       "      84.00% [42/50 00:01&lt;00:00 1.299]\n",
       "    </div>\n",
       "    "
      ],
      "text/plain": [
       "<IPython.core.display.HTML object>"
      ]
     },
     "metadata": {},
     "output_type": "display_data"
    },
    {
     "data": {
